-8.072580645100004
-7.933467741400003
-7.9798387092
-7.981854838799999
-7.9233870960999955
-7.913306451900003
-8.10887096750001
-8.000000000900002
-8.082661290800004
-8.120967742200007
-7.870967740300009
-7.9213709678
-8.01411290429999
-8.088709676599995
-7.929435483999993
-7.907258064500004
-8.068548387200002
-8.116935484299995
-7.810483870499997
-7.971774195300003
-7.945564515800001
-8.018145162200002
-7.953629032799995
-8.1612903227
-7.923387095799999
-3.9314516139000037
-3.963709678400001
-4.040322581500002
-4.018145160000004
-4.102822583200001
-4.008064515299992
-4.080645161000001
-4.024193548299998
-4.078629031399999
-3.9697580658000007
-3.8790322581999974
-4.0403225794999935
-4.0665322595000015
-4.0625000015
-3.9112903232999985
-4.030241936699997
-3.9616935474000017
-3.816532259500002
-3.905241935100001
-4.0181451592999995
-3.9052419362999977
-4.012096774200002
-3.971774193799997
-4.062500000899999
-4.0120967737
-12.0826612905
-12.074596775
-12.197580645199999
-11.747983871800002
-12.058467742399998
-11.776209676299992
-12.131048386899998
-11.979838709799994
-11.957661291499987
-11.969758065600008
-11.858870967600005
-11.949596773999996
-12.016129032400006
-12.004032258400008
-11.84475806460001
-12.07661290289999
-12.090725807100014
-12.008064515600003
-11.997983870800002
-12.131048386200009
-12.13709677429999
-11.995967742800001
-12.068548386899987
-12.161290322899998
-11.842741936299996
-15.868951612100004
-15.820564515600003
-15.838709678199995
-15.82661290319999
-16.044354838599997
-16.014112902800008
-15.854838710800001
-16.14516129040002
-16.058467740600005
-15.772177419399997
-16.028225806799995
-15.778225804999984
-16.108870967700017
-16.094758064300006
-16.050403226800015
-16.006048386200014
-15.913306452199999
-15.9435483868
-15.689516129800001
-16.05443548339999
-16.034274193300007
-15.933467740400012
-16.108870967999994
-15.97379032330002
-16.11290322529999
-23.9213709676
-23.971774192899996
-24.133064515900017
-24.03427419370002
-24.094758064299985
-24.1108870966
-24.008064515499996
-24.106854839100002
-24.104838709599992
-23.901209677799994
-23.899193548399996
-24.018145161399993
-23.95967741950002
-23.834677418699997
-24.219758065300002
-24.044354837600004
-24.06451612910002
-23.973790323199996
-23.99395161310001
-23.852822581200005
-23.953629031800002
-23.987903224900023
-24.098790322400017
-23.887096774199957
-23.87903225859999
-20.189516128499978
-19.852822580499982
-19.893145161799993
-20.125000000199982
-20.10685483750001
-19.54032258170004
-20.28629032370001
-19.868951612599986
-19.826612902199987
-20.14717741959999
-19.951612902900003
-19.983870967499993
-20.096774193199995
-20.169354838900002
-20.145161291199987
-19.889112903600008
-19.8770161289
-19.955645161499994
-19.96370967770002
-19.762096774
-20.217741935
-20.096774192800034
-19.953629032499993
-20.052419354300007
-20.078629033000002
